 145
  39.2000008  4.63796468E-008
  39.0999985  7.20531688E-008
  39.  1.1124888E-007
  38.9000015  1.70711374E-007
  38.7999992  2.60351754E-007
  38.7000008  3.94616961E-007
  38.5999985  5.94459095E-007
  38.5  8.89991043E-007
  38.4000015  1.32426089E-006
  38.2999992  1.95835833E-006
  38.2000008  2.87824992E-006
  38.0999985  4.2043157E-006
  38.  6.10351572E-006
  37.9000015  8.80621064E-006
  37.7999992  1.26278164E-005
  37.7000008  1.79964027E-005
  37.5999985  2.54901915E-005
  37.5  3.5882189E-005
  37.4000015  5.02006151E-005
  37.2999992  6.9802154E-005
  37.2000008  9.64600185E-005
  37.0999985  0.000132481524
  37.  0.000180834904
  36.9000015  0.000245320291
  36.7999992  0.000330760638
  36.7000008  0.000443213969
  36.5999985  0.000590258162
  36.5  0.000781250012
  36.4000015  0.00102769048
  36.2999992  0.00134357915
  36.2000008  0.00174575776
  36.0999985  0.00225441111
  36.  0.00289335847
  35.9000015  0.00369058852
  35.7999992  0.00467861351
  35.7000008  0.00589466281
  35.5999985  0.0073812292
  35.5  0.00918584038
  35.4000015  0.0113614406
  35.2999992  0.0139661115
  35.2000008  0.0170623325
  35.0999985  0.0207170881
  35.  0.0250000022
  34.9000015  0.0299830362
  34.7999992  0.0357386619
  34.7000008  0.0423372164
  34.5999985  0.0498463325
  34.5  0.0583264641
  34.4000015  0.0678300858
  34.2999992  0.0783981234
  34.2000008  0.0900556147
  34.0999985  0.102811657
  34.  0.116653018
  33.9000015  0.131544858
  33.7999992  0.147427306
  33.7000008  0.16421181
  33.5999985  0.181784496
  33.5  0.200000897
  33.4000015  0.218691289
  33.2999992  0.237660423
  33.2000008  0.256687909
  33.0999985  0.275536954
  33.  0.293953001
  32.9000015  0.311674386
  32.7999992  0.328435838
  32.7000008  0.343973458
  32.5999985  0.358035713
  32.5  0.370385766
  32.4000015  0.3808119
  32.2999992  0.389131844
  32.2000008  0.39519763
  32.0999985  0.398902148
  32.  0.400180846
  31.8999996  0.39901495
  31.7999992  0.395431936
  31.7000008  0.389505267
  31.6000004  0.381352127
  31.5  0.371131152
  31.3999996  0.359037668
  31.2999992  0.345299035
  31.2000008  0.330168962
  31.1000004  0.313920289
  31.  0.29684025
  30.8999996  0.279222995
  30.7999992  0.261363655
  30.7000008  0.243553132
  30.6000004  0.226071522
  30.5  0.209185839
  30.3999996  0.193145037
  30.2999992  0.178177521
  30.2000008  0.164489374
  30.1000004  0.152261987
  30.  0.141652912
  29.8999996  0.13279447
  29.7999992  0.125794232
  29.7000008  0.120735303
  29.6000004  0.117676429
  29.5  0.116652906
  29.3999996  0.117676429
  29.2999992  0.120735303
  29.2000008  0.125794232
  29.1000004  0.13279447
  29.  0.141652912
  28.8999996  0.152261987
  28.7999992  0.164489374
  28.7000008  0.178177521
  28.6000004  0.193145037
  28.5  0.209185839
  28.3999996  0.226071522
  28.2999992  0.243553132
  28.2000008  0.261363655
  28.1000004  0.279222995
  28.  0.29684025
  27.8999996  0.313920289
  27.7999992  0.330168962
  27.7000008  0.345299035
  27.6000004  0.359037668
  27.5  0.371131152
  27.3999996  0.381352127
  27.2999992  0.389505267
  27.2000008  0.395431936
  27.1000004  0.39901495
  27.  0.400180846
  26.8999996  0.398902118
  26.7999992  0.39519763
  26.7000008  0.389131844
  26.6000004  0.380812079
  26.5  0.370385766
  26.3999996  0.358035475
  26.2999992  0.343973458
  26.2000008  0.328435838
  26.1000004  0.311674714
  26.  0.293953001
  25.8999996  0.275536597
  25.7999992  0.256687909
  25.7000008  0.237660423
  25.6000004  0.218691647
  25.5  0.200000897
  25.3999996  0.181784153
  25.2999992  0.16421181
  25.2000008  0.147427306
  25.1000004  0.131545156
  25.  0.116653018
  24.8999996  0.102811404
  24.7999992  0.0900556147
